100
5407
70238
53971
51719
48040
1566
45183
44854
10317
45291
70372
33843
19678
43713
58437
63244
80587
90422
63675
40411
8123
21414
5994
77966
20622
17345
49126
60643
28884
75973
96352
29733
25331
46441
36135
42711
82272
95471
22486
52237
50201
9207
55734
3191
48623
74619
36827
51708
56792
93070
76588
53077
68184
45887
77713
22105
39265
65891
26408
3915
78197
22283
60716
59887
48075
49331
59434
67713
77227
96527
17383
53586
96849
39007
48653
29643
74723
88728
28287
73117
11029
87008
71016
30870
65165
1866
86789
46344
24025
56898
39891
12719
8964
65112
81127
8188
62718
18250
22931
65339
